NAME : BANGALORE DISPATCH ADDRESS_SOLUTION_EXAMPLE
COMMENT : INTER_IIT
TYPE : CVRP
DIMENSION : 22
VEHICLES : 9
EDGE_WEIGHT_TYPE : EXPLICIT
EDGE_WEIGHT_FORMAT : FULL_MATRIX
CAPACITY : 30
EDGE_WEIGHT_SECTION
1166 1166 1036 655 633 1231 774 1129 484 1158 1168 0 1213 1199 258 809 1239 629 858 766 1133 1216 1153 1309 1038 1349 1179 1188 1352 833 777 206 280 
1063 1063 1064 1221 623 1138 913 813 1507 1057 1065 1364 0 198 1372 690 1146 745 743 709 109 1047 998 1117 945 381 1086 220 714 718 669 1366 1384 
1213 1213 1145 1148 550 1278 840 917 1434 1205 1215 1291 395 0 1299 617 1286 672 670 636 315 1197 1148 1267 1085 531 1226 370 641 645 596 1293 1311 
1188 1188 1058 681 655 1253 796 1151 330 1180 1190 258 1235 1221 0 831 1261 651 880 788 1155 1238 1175 1331 1060 1371 1201 1210 1374 855 799 361 138 
919 919 789 814 192 984 484 882 1100 911 921 957 695 681 965 0 992 277 87 112 615 969 906 1062 791 831 932 670 834 62 76 959 977 
195 195 600 795 959 114 602 402 1451 180 200 1323 1148 1134 1312 1029 0 1041 1082 1049 1068 177 238 218 207 942 139 1036 1579 1057 1008 1410 1324 
869 869 739 628 222 934 434 832 914 861 871 771 802 788 779 275 942 0 268 262 722 919 856 1012 741 938 882 777 941 277 317 773 791 
968 968 838 851 239 1033 533 931 1137 960 970 994 744 730 1002 83 1041 269 0 137 664 1018 955 1111 840 880 981 719 883 85 125 996 1014 
896 896 766 766 151 961 461 859 1052 888 898 909 716 702 917 114 969 263 139 0 636 946 883 1039 768 852 909 691 855 114 99 911 929 
974 974 975 1132 534 1049 824 724 1418 968 976 1275 98 109 1283 601 1057 656 654 620 0 958 909 1028 856 292 997 131 625 629 580 1277 1295 
188 188 496 867 855 137 498 298 1386 177 190 1258 1036 1030 1247 925 147 937 978 945 964 0 130 157 193 808 190 902 1475 953 904 1345 1259 
146 146 458 850 817 205 460 260 1348 140 148 1220 1006 992 1209 887 222 899 940 907 926 150 0 266 155 780 194 874 1437 915 866 1307 1221 
290 290 619 892 978 200 621 421 1509 245 286 1381 1107 1112 1370 1048 210 1060 1101 1068 1048 151 253 0 316 953 253 1047 1587 1076 1027 1468 1382 
141 141 424 730 783 195 426 226 1314 153 146 1186 972 958 1175 853 203 865 906 873 892 211 148 304 0 756 143 850 1403 881 832 1273 1187 
883 883 1016 1379 829 958 1018 818 1713 877 885 1570 440 445 1578 896 966 951 949 915 381 868 818 990 765 0 906 310 920 924 875 1572 1590 
118 118 526 749 885 150 528 328 1405 102 121 1277 1074 1060 1266 955 158 967 1008 975 994 198 173 281 133 868 0 962 1505 983 934 1364 1278 
899 899 1032 1336 738 974 1028 834 1622 893 901 1479 349 354 1487 805 982 860 858 824 290 884 834 957 781 217 922 0 829 833 784 1481 1499 
1510 1510 1380 1383 785 1575 1075 1243 1669 1502 1512 1526 712 698 1534 852 1583 907 905 871 632 1514 1465 1584 1382 848 1523 687 0 880 831 1528 1546 
950 950 820 844 219 1015 515 913 1130 942 952 987 726 712 995 65 1023 285 95 117 646 1000 937 1093 822 862 963 701 865 0 107 989 1007 
901 901 771 778 160 966 466 864 1064 893 903 921 677 663 929 76 974 302 129 99 597 951 888 1044 773 813 914 652 816 104 0 923 941 
1256 1256 1126 739 695 1321 836 1219 515 1248 1258 214 1275 1261 353 871 1329 691 920 828 1195 1306 1243 1399 1128 1411 1269 1250 1414 895 839 0 306 
1200 1200 1070 693 667 1265 808 1163 318 1192 1202 249 1247 1233 141 843 1273 663 892 800 1167 1250 1187 1343 1072 1383 1213 1222 1386 867 811 264 0 
NODE_COORD_SECTION
1 129709 776385
2 129709 776385
3 129546 776385
4 129460 776049
5 129196 776444
6 129760 776367
7 129349 776329
8 129533 776428
9 129120 775745
10 129723 776397
11 129702 776391
12 129113 775925
13 129365 777037
14 129365 776942
15 129135 775873
16 129137 776516
17 129773 776359
18 129122 776363
19 129099 776518
20 129142 776485
21 129394 776956
22 129784 776428
23 129706 776424
24 129812 776383
25 129642 776396
26 129582 776968
27 129722 776364
28 129493 776990
29 129336 776712
30 129120 776521
31 129161 776514
32 129080 775926
33 129102 775858
DEMAND_SECTION
1 0
2 1000
3 1000
4 1000
5 1000
6 1000
7 1000
8 1000
9 1000
10 1000
11 1000
12 1
13 1
14 1
15 1
16 1
17 1
18 1
19 1
20 1
21 1
22 1
23 1
24 1
25 1
26 1
27 1
28 1
29 1
30 1
31 1
32 1
33 1
DEPOT_SECTION
1
-1
SERVICE_TIME_SECTION
1 0
2 0
3 0
4 0
5 0
6 0
7 0
8 0
9 0
10 0
11 0
12 0
13 0
14 0
15 0
16 0
17 0
18 0
19 0
20 0
21 0
22 0
TIME_WINDOW_SECTION
1 0 45000
2 0 45000
3 0 45000
4 0 45000
5 0 45000
6 0 45000
7 0 45000
8 0 45000
9 0 45000
10 0 45000
11 0 45000
12 0 45000
13 0 45000
14 0 45000
15 0 45000
16 0 45000
17 0 45000
18 0 45000
19 0 45000
20 0 45000
21 0 45000
22 0 45000
EOF
